0 0.8834134615384616 0.859375 0.08052884615384616 0.12740384615384615
0 0.14182692307692307 0.8629807692307693 0.09735576923076923 0.13341346153846154
0 0.3858173076923077 0.8629807692307693 0.09375 0.13341346153846154
0 0.6358173076923077 0.8665865384615384 0.09375 0.12740384615384615
0 0.38341346153846156 0.15264423076923078 0.08052884615384616 0.140625
0 0.6334134615384616 0.15625 0.0889423076923077 0.13341346153846154
0 0.8858173076923077 0.15625 0.07572115384615384 0.13341346153846154
0 0.13822115384615385 0.15625 0.0889423076923077 0.13341346153846154
0 0.8882211538461539 0.5252403846153846 0.08052884615384616 0.13341346153846154
0 0.14182692307692307 0.5252403846153846 0.0889423076923077 0.13341346153846154
0 0.38822115384615385 0.5288461538461539 0.0889423076923077 0.12740384615384615
0 0.6358173076923077 0.53125 0.08533653846153846 0.13341346153846154