0 0.9182692307692307 0.5817307692307693 0.1466346153846154 0.125
0 0.08413461538461539 0.5841346153846154 0.14182692307692307 0.1201923076923077
0 0.5865384615384616 0.5865384615384616 0.14182692307692307 0.125
0 0.7512019230769231 0.5865384615384616 0.14182692307692307 0.125
0 0.2512019230769231 0.5865384615384616 0.13822115384615385 0.125
0 0.4182692307692308 0.5865384615384616 0.14182692307692307 0.125
0 0.7536057692307693 0.7127403846153846 0.1466346153846154 0.04927884615384615
0 0.08413461538461539 0.7127403846153846 0.14182692307692307 0.057692307692307696
0 0.921875 0.7127403846153846 0.1466346153846154 0.04927884615384615
0 0.2512019230769231 0.7127403846153846 0.13822115384615385 0.057692307692307696
0 0.5865384615384616 0.7151442307692307 0.14182692307692307 0.052884615384615384
0 0.4182692307692308 0.7151442307692307 0.14182692307692307 0.052884615384615384
0 0.08653846153846154 0.08052884615384616 0.15504807692307693 0.14182692307692307
0 0.5841346153846154 0.08173076923076923 0.1466346153846154 0.13822115384615385
0 0.9194711538461539 0.08173076923076923 0.15144230769230768 0.13822115384615385
0 0.2536057692307692 0.08413461538461539 0.15144230769230768 0.14182692307692307
0 0.7512019230769231 0.08653846153846154 0.15144230769230768 0.13822115384615385
0 0.4182692307692308 0.08653846153846154 0.15144230769230768 0.12860576923076922
0 0.5841346153846154 0.8798076923076923 0.12860576923076922 0.22235576923076922
0 0.7512019230769231 0.8798076923076923 0.14182692307692307 0.2127403846153846
0 0.08413461538461539 0.8798076923076923 0.15144230769230768 0.2127403846153846
0 0.9194711538461539 0.8798076923076923 0.13341346153846154 0.20432692307692307
0 0.2512019230769231 0.8798076923076923 0.1466346153846154 0.2127403846153846
0 0.41586538461538464 0.8822115384615384 0.13822115384615385 0.21754807692307693
0 0.08413461538461539 0.2091346153846154 0.15144230769230768 0.0625
0 0.921875 0.21153846153846154 0.1466346153846154 0.057692307692307696
0 0.2536057692307692 0.21153846153846154 0.15144230769230768 0.057692307692307696
0 0.4182692307692308 0.21153846153846154 0.15144230769230768 0.057692307692307696
0 0.5865384615384616 0.2127403846153846 0.15144230769230768 0.0625
0 0.7560096153846154 0.2127403846153846 0.14182692307692307 0.0625
0 0.7536057692307693 0.375 0.1466346153846154 0.2091346153846154
0 0.08173076923076923 0.37740384615384615 0.1466346153846154 0.2127403846153846
0 0.5841346153846154 0.3798076923076923 0.13822115384615385 0.2091346153846154
0 0.9158653846153846 0.3798076923076923 0.13341346153846154 0.2091346153846154
0 0.2512019230769231 0.3798076923076923 0.1466346153846154 0.2091346153846154
0 0.41947115384615385 0.3798076923076923 0.1466346153846154 0.2091346153846154