0 0.19110576923076922 0.5769230769230769 0.0889423076923077 0.26802884615384615
0 0.6983173076923077 0.5829326923076923 0.08533653846153846 0.26802884615384615
0 0.32091346153846156 0.5829326923076923 0.09254807692307693 0.26802884615384615
0 0.8209134615384616 0.5853365384615384 0.08052884615384616 0.26322115384615385
0 0.19110576923076922 0.8713942307692307 0.09615384615384616 0.23677884615384615
0 0.3161057692307692 0.8713942307692307 0.09254807692307693 0.22716346153846154
0 0.6971153846153846 0.8762019230769231 0.08052884615384616 0.23677884615384615
0 0.19110576923076922 0.2608173076923077 0.09615384615384616 0.28365384615384615
0 0.32211538461538464 0.26322115384615385 0.0889423076923077 0.27884615384615385
0 0.44350961538461536 0.265625 0.08533653846153846 0.28365384615384615
0 0.8257211538461539 0.27884615384615385 0.08533653846153846 0.25721153846153844