0 0.7872596153846154 0.6262019230769231 0.046875 0.14783653846153846
0 0.5709134615384616 0.6286057692307693 0.05048076923076923 0.15264423076923078
0 0.078125 0.6286057692307693 0.046875 0.15264423076923078
0 0.8545673076923077 0.6286057692307693 0.05048076923076923 0.15264423076923078
0 0.921875 0.6286057692307693 0.039663461538461536 0.15264423076923078
0 0.3016826923076923 0.6286057692307693 0.028846153846153848 0.15264423076923078
0 0.36177884615384615 0.6286057692307693 0.046875 0.14182692307692307
0 0.43509615384615385 0.6310096153846154 0.046875 0.14783653846153846
0 0.5024038461538461 0.6310096153846154 0.04326923076923077 0.14783653846153846
0 0.6322115384615384 0.6310096153846154 0.028846153846153848 0.14783653846153846
0 0.7271634615384616 0.6310096153846154 0.028846153846153848 0.14783653846153846
0 0.20673076923076922 0.6310096153846154 0.028846153846153848 0.14783653846153846
0 0.14543269230769232 0.6334134615384616 0.04326923076923077 0.15264423076923078
0 0.7235576923076923 0.8774038461538461 0.028846153846153848 0.15865384615384615
0 0.07692307692307693 0.8774038461538461 0.04326923076923077 0.14783653846153846
0 0.49759615384615385 0.8798076923076923 0.04326923076923077 0.15264423076923078
0 0.6286057692307693 0.8798076923076923 0.028846153846153848 0.15264423076923078
0 0.7848557692307693 0.8798076923076923 0.05048076923076923 0.15264423076923078
0 0.8545673076923077 0.8798076923076923 0.05048076923076923 0.15264423076923078
0 0.9254807692307693 0.8798076923076923 0.046875 0.15264423076923078
0 0.14903846153846154 0.8798076923076923 0.04326923076923077 0.15264423076923078
0 0.20673076923076922 0.8798076923076923 0.028846153846153848 0.15264423076923078
0 0.3641826923076923 0.8822115384615384 0.05048076923076923 0.14783653846153846
0 0.43149038461538464 0.8822115384615384 0.046875 0.15865384615384615
0 0.5709134615384616 0.8858173076923077 0.04326923076923077 0.15264423076923078
0 0.3016826923076923 0.8858173076923077 0.028846153846153848 0.15264423076923078
0 0.6274038461538461 0.1201923076923077 0.025240384615384616 0.15264423076923078
0 0.42908653846153844 0.12259615384615384 0.04326923076923077 0.14783653846153846
0 0.9254807692307693 0.12259615384615384 0.046875 0.15865384615384615
0 0.36177884615384615 0.12259615384615384 0.039663461538461536 0.14783653846153846
0 0.5 0.12620192307692307 0.046875 0.15264423076923078
0 0.7836538461538461 0.12620192307692307 0.046875 0.16346153846153846
0 0.08052884615384616 0.12620192307692307 0.05048076923076923 0.15264423076923078
0 0.8545673076923077 0.12620192307692307 0.05048076923076923 0.16346153846153846
0 0.14903846153846154 0.12620192307692307 0.04326923076923077 0.15264423076923078
0 0.3016826923076923 0.12620192307692307 0.028846153846153848 0.15264423076923078
0 0.5709134615384616 0.12860576923076922 0.04326923076923077 0.15865384615384615
0 0.7259615384615384 0.12860576923076922 0.025240384615384616 0.15865384615384615
0 0.2091346153846154 0.12860576923076922 0.03245192307692308 0.15865384615384615
0 0.7259615384615384 0.3737980769230769 0.025240384615384616 0.14783653846153846
0 0.07692307692307693 0.3737980769230769 0.04326923076923077 0.15865384615384615
0 0.8557692307692307 0.3737980769230769 0.054086538461538464 0.15865384615384615
0 0.30408653846153844 0.3737980769230769 0.03245192307692308 0.15865384615384615
0 0.4326923076923077 0.37740384615384615 0.04326923076923077 0.15264423076923078
0 0.6274038461538461 0.37740384615384615 0.025240384615384616 0.15264423076923078
0 0.7848557692307693 0.37740384615384615 0.04326923076923077 0.15264423076923078
0 0.9230769230769231 0.37740384615384615 0.04326923076923077 0.15264423076923078
0 0.14903846153846154 0.37740384615384615 0.04326923076923077 0.15264423076923078
0 0.20673076923076922 0.37740384615384615 0.028846153846153848 0.15264423076923078
0 0.36177884615384615 0.37740384615384615 0.039663461538461536 0.15264423076923078
0 0.5024038461538461 0.3798076923076923 0.04326923076923077 0.14783653846153846
0 0.5685096153846154 0.3798076923076923 0.046875 0.15865384615384615