0 0.43990384615384615 0.5516826923076923 0.06490384615384616 0.1971153846153846
0 0.5276442307692307 0.5733173076923077 0.06490384615384616 0.18629807692307693
0 0.6105769230769231 0.5925480769230769 0.06490384615384616 0.20192307692307693
0 0.6959134615384616 0.6262019230769231 0.054086538461538464 0.18028846153846154
0 0.7800480769230769 0.6394230769230769 0.054086538461538464 0.18629807692307693
0 0.8653846153846154 0.6634615384615384 0.057692307692307696 0.18028846153846154
0 0.9362980769230769 0.6887019230769231 0.046875 0.16346153846153846
0 0.16706730769230768 0.7572115384615384 0.0733173076923077 0.22355769230769232
0 0.26322115384615385 0.7680288461538461 0.06129807692307692 0.2127403846153846
0 0.3605769230769231 0.7836538461538461 0.06490384615384616 0.2127403846153846
0 0.4495192307692308 0.8004807692307693 0.06129807692307692 0.2127403846153846
0 0.5396634615384616 0.8137019230769231 0.06129807692307692 0.1971153846153846
0 0.6237980769230769 0.8413461538461539 0.06129807692307692 0.1971153846153846
0 0.7091346153846154 0.8605769230769231 0.057692307692307696 0.19110576923076922
0 0.7932692307692307 0.8858173076923077 0.057692307692307696 0.18629807692307693
0 0.8798076923076923 0.8966346153846154 0.05048076923076923 0.17427884615384615
0 0.7487980769230769 0.14182692307692307 0.057692307692307696 0.21875
0 0.9110576923076923 0.18870192307692307 0.054086538461538464 0.2127403846153846
0 0.15264423076923078 0.25 0.07692307692307693 0.20793269230769232
0 0.2439903846153846 0.25961538461538464 0.0733173076923077 0.20192307692307693
0 0.33413461538461536 0.28365384615384615 0.06490384615384616 0.20793269230769232
0 0.4254807692307692 0.30288461538461536 0.0733173076923077 0.20192307692307693
0 0.5144230769230769 0.3329326923076923 0.06129807692307692 0.18629807692307693
0 0.8449519230769231 0.42908653846153844 0.046875 0.18028846153846154
0 0.9254807692307693 0.43990384615384615 0.046875 0.19110576923076922
0 0.15865384615384615 0.49759615384615385 0.06850961538461539 0.21875
0 0.2548076923076923 0.5108173076923077 0.06490384615384616 0.20192307692307693
0 0.3473557692307692 0.5360576923076923 0.06129807692307692 0.1971153846153846