0 0.7487980769230769 0.5865384615384616 0.1201923076923077 0.10697115384615384
0 0.2512019230769231 0.5865384615384616 0.12860576923076922 0.11538461538461539
0 0.08052884615384616 0.5889423076923077 0.11538461538461539 0.11057692307692307
0 0.9182692307692307 0.5889423076923077 0.1201923076923077 0.10216346153846154
0 0.41947115384615385 0.5889423076923077 0.12860576923076922 0.11057692307692307
0 0.5841346153846154 0.5913461538461539 0.12860576923076922 0.10697115384615384
0 0.4182692307692308 0.7115384615384616 0.125 0.04447115384615385
0 0.5889423076923077 0.7127403846153846 0.12860576923076922 0.04927884615384615
0 0.25600961538461536 0.7127403846153846 0.12860576923076922 0.04927884615384615
0 0.7463942307692307 0.7151442307692307 0.125 0.04447115384615385
0 0.078125 0.7151442307692307 0.10216346153846154 0.04447115384615385
0 0.9194711538461539 0.7175480769230769 0.125 0.039663461538461536
0 0.5865384615384616 0.08173076923076923 0.14182692307692307 0.1201923076923077
0 0.7536057692307693 0.08413461538461539 0.13822115384615385 0.11538461538461539
0 0.2512019230769231 0.08413461538461539 0.12860576923076922 0.09735576923076923
0 0.4182692307692308 0.08413461538461539 0.13341346153846154 0.10697115384615384
0 0.9182692307692307 0.08653846153846154 0.13822115384615385 0.11057692307692307
0 0.7512019230769231 0.8798076923076923 0.13341346153846154 0.19591346153846154
0 0.5865384615384616 0.8822115384615384 0.13341346153846154 0.19951923076923078
0 0.08413461538461539 0.8822115384615384 0.13341346153846154 0.19110576923076922
0 0.2512019230769231 0.8822115384615384 0.12860576923076922 0.19951923076923078
0 0.921875 0.8846153846153846 0.12860576923076922 0.18629807692307693
0 0.41947115384615385 0.8846153846153846 0.12860576923076922 0.19591346153846154
0 0.07572115384615384 0.09134615384615384 0.11538461538461539 0.10216346153846154
0 0.5889423076923077 0.21153846153846154 0.13822115384615385 0.04927884615384615
0 0.7487980769230769 0.21153846153846154 0.12860576923076922 0.04927884615384615
0 0.921875 0.21153846153846154 0.12860576923076922 0.04927884615384615
0 0.4182692307692308 0.21153846153846154 0.125 0.04927884615384615
0 0.2536057692307692 0.2127403846153846 0.11538461538461539 0.04447115384615385
0 0.08173076923076923 0.21514423076923078 0.1201923076923077 0.039663461538461536
0 0.5841346153846154 0.3798076923076923 0.13822115384615385 0.19110576923076922
0 0.7512019230769231 0.3798076923076923 0.125 0.19110576923076922
0 0.9194711538461539 0.38221153846153844 0.13341346153846154 0.19591346153846154
0 0.24879807692307693 0.38221153846153844 0.10697115384615384 0.19591346153846154
0 0.4182692307692308 0.38221153846153844 0.125 0.19591346153846154
0 0.08653846153846154 0.38461538461538464 0.12860576923076922 0.19951923076923078