0 0.5252403846153846 0.7956730769230769 0.16466346153846154 0.3137019230769231
0 0.6935096153846154 0.7956730769230769 0.16466346153846154 0.3016826923076923
0 0.3641826923076923 0.7992788461538461 0.15745192307692307 0.3076923076923077
0 0.8557692307692307 0.7992788461538461 0.16105769230769232 0.3076923076923077
0 0.9627403846153846 0.8137019230769231 0.0673076923076923 0.3016826923076923
0 0.19951923076923078 0.8137019230769231 0.15745192307692307 0.3137019230769231
0 0.05889423076923077 0.8401442307692307 0.11778846153846154 0.3076923076923077
0 0.3641826923076923 0.9699519230769231 0.17067307692307693 0.046875
0 0.6935096153846154 0.9699519230769231 0.17067307692307693 0.046875
0 0.8569711538461539 0.9699519230769231 0.16466346153846154 0.046875
0 0.5264423076923077 0.9735576923076923 0.16826923076923078 0.040865384615384616
0 0.19951923076923078 0.9795673076923077 0.16466346153846154 0.030048076923076924
0 0.8389423076923077 0.01201923076923077 0.16105769230769232 0.02403846153846154
0 0.19471153846153846 0.014423076923076924 0.15384615384615385 0.018028846153846152
0 0.5240384615384616 0.125 0.16346153846153846 0.25
0 0.6826923076923077 0.12740384615384615 0.15745192307692307 0.2548076923076923
0 0.3605769230769231 0.1310096153846154 0.16346153846153846 0.2620192307692308
0 0.8389423076923077 0.13942307692307693 0.16826923076923078 0.2668269230769231
0 0.20192307692307693 0.15384615384615385 0.16105769230769232 0.2608173076923077
0 0.9591346153846154 0.15985576923076922 0.0733173076923077 0.27163461538461536
0 0.06129807692307692 0.17548076923076922 0.12259615384615384 0.2692307692307692
0 0.9591346153846154 0.020432692307692308 0.0733173076923077 0.040865384615384616
0 0.06129807692307692 0.027644230769230768 0.12259615384615384 0.055288461538461536
0 0.5252403846153846 0.44711538461538464 0.16466346153846154 0.39663461538461536
0 0.6862980769230769 0.44711538461538464 0.16466346153846154 0.38461538461538464
0 0.3605769230769231 0.453125 0.16466346153846154 0.39663461538461536
0 0.8461538461538461 0.45552884615384615 0.16105769230769232 0.390625
0 0.19951923076923078 0.4699519230769231 0.15745192307692307 0.4206730769230769
0 0.9615384615384616 0.47596153846153844 0.07091346153846154 0.39663461538461536
0 0.05889423076923077 0.49399038461538464 0.11778846153846154 0.40865384615384615