0 0.8317307692307693 0.18990384615384615 0.046875 0.13822115384615385
0 0.7403846153846154 0.19230769230769232 0.0829326923076923 0.17548076923076922
0 0.5480769230769231 0.22235576923076922 0.04567307692307692 0.16105769230769232
0 0.47596153846153844 0.23677884615384615 0.06490384615384616 0.17427884615384615
0 0.3870192307692308 0.24519230769230768 0.0733173076923077 0.17427884615384615
0 0.30288461538461536 0.25721153846153844 0.07091346153846154 0.18269230769230768
0 0.21634615384615385 0.27163461538461536 0.06009615384615385 0.1622596153846154
0 0.14302884615384615 0.2764423076923077 0.056490384615384616 0.19230769230769232
0 0.8401442307692307 0.46153846153846156 0.06129807692307692 0.16826923076923078
0 0.7536057692307693 0.47596153846153844 0.057692307692307696 0.16466346153846154
0 0.6778846153846154 0.48197115384615385 0.0625 0.1875
0 0.5576923076923077 0.5 0.05048076923076923 0.17548076923076922
0 0.4831730769230769 0.5120192307692307 0.06850961538461539 0.16826923076923078
0 0.3918269230769231 0.5204326923076923 0.07211538461538461 0.1814903846153846
0 0.30649038461538464 0.5372596153846154 0.06129807692307692 0.16346153846153846
0 0.21875 0.546875 0.07572115384615384 0.18870192307692307
0 0.14302884615384615 0.5600961538461539 0.042067307692307696 0.16826923076923078
0 0.8545673076923077 0.7512019230769231 0.06370192307692307 0.171875
0 0.7668269230769231 0.7608173076923077 0.06850961538461539 0.16947115384615385
0 0.6850961538461539 0.7740384615384616 0.04567307692307692 0.17548076923076922
0 0.5649038461538461 0.7884615384615384 0.04567307692307692 0.18028846153846154
0 0.4855769230769231 0.7944711538461539 0.06971153846153846 0.18269230769230768
0 0.39903846153846156 0.8064903846153846 0.06490384615384616 0.171875
0 0.30649038461538464 0.8137019230769231 0.06129807692307692 0.15865384615384615
0 0.21754807692307693 0.8233173076923077 0.052884615384615384 0.14302884615384615
0 0.14302884615384615 0.828125 0.03125 0.14423076923076922