0 0.5625 0.4735576923076923 0.08413461538461539 0.04927884615384615
0 0.9423076923076923 0.4735576923076923 0.0889423076923077 0.04927884615384615
0 0.0625 0.47596153846153844 0.0889423076923077 0.0625
0 0.18870192307692307 0.47596153846153844 0.09375 0.0625
0 0.43509615384615385 0.47596153846153844 0.08052884615384616 0.052884615384615384
0 0.6862980769230769 0.47836538461538464 0.09375 0.057692307692307696
0 0.8112980769230769 0.47836538461538464 0.09375 0.057692307692307696
0 0.3137019230769231 0.47836538461538464 0.08413461538461539 0.057692307692307696
0 0.9350961538461539 0.7439903846153846 0.09375 0.1466346153846154
0 0.8137019230769231 0.7463942307692307 0.0889423076923077 0.15144230769230768
0 0.19110576923076922 0.7463942307692307 0.09735576923076923 0.15144230769230768
0 0.3137019230769231 0.7463942307692307 0.08413461538461539 0.15144230769230768
0 0.5625 0.7487980769230769 0.08413461538461539 0.1466346153846154
0 0.0625 0.7487980769230769 0.09735576923076923 0.15504807692307693
0 0.6911057692307693 0.7487980769230769 0.09375 0.15504807692307693
0 0.4375 0.7512019230769231 0.08413461538461539 0.15144230769230768
0 0.06490384615384616 0.8846153846153846 0.09375 0.052884615384615384
0 0.19110576923076922 0.8846153846153846 0.0889423076923077 0.07091346153846154
0 0.9338942307692307 0.8870192307692307 0.0889423076923077 0.057692307692307696
0 0.4423076923076923 0.8870192307692307 0.09375 0.057692307692307696
0 0.8137019230769231 0.8894230769230769 0.0889423076923077 0.0625
0 0.5649038461538461 0.890625 0.0889423076923077 0.057692307692307696
0 0.6887019230769231 0.890625 0.0889423076923077 0.057692307692307696
0 0.3173076923076923 0.890625 0.08413461538461539 0.057692307692307696
0 0.5649038461538461 0.15384615384615385 0.0889423076923077 0.1466346153846154
0 0.06009615384615385 0.15384615384615385 0.10216346153846154 0.1466346153846154
0 0.9399038461538461 0.15384615384615385 0.10216346153846154 0.1466346153846154
0 0.1935096153846154 0.15384615384615385 0.09375 0.1466346153846154
0 0.8112980769230769 0.15504807692307693 0.09375 0.15144230769230768
0 0.3161057692307692 0.15504807692307693 0.09735576923076923 0.14182692307692307
0 0.43990384615384615 0.15504807692307693 0.09735576923076923 0.14182692307692307
0 0.6887019230769231 0.15745192307692307 0.09735576923076923 0.1466346153846154
0 0.5625 0.3329326923076923 0.08413461538461539 0.15144230769230768
0 0.06009615384615385 0.3329326923076923 0.09375 0.15144230769230768
0 0.9423076923076923 0.3329326923076923 0.0889423076923077 0.15144230769230768
0 0.6862980769230769 0.33533653846153844 0.09375 0.15504807692307693
0 0.8112980769230769 0.33533653846153844 0.09375 0.15504807692307693
0 0.19110576923076922 0.33533653846153844 0.0889423076923077 0.15504807692307693
0 0.3161057692307692 0.33533653846153844 0.0889423076923077 0.15504807692307693
0 0.4375 0.33533653846153844 0.08413461538461539 0.15504807692307693