0 0.8834134615384616 0.38461538461538464 0.055288461538461536 0.21995192307692307
0 0.9627403846153846 0.38461538461538464 0.055288461538461536 0.21153846153846154
0 0.25600961538461536 0.38822115384615385 0.0625 0.2091346153846154
0 0.33774038461538464 0.38822115384615385 0.06009615384615385 0.21394230769230768
0 0.5 0.38822115384615385 0.05889423076923077 0.21754807692307693
0 0.6514423076923077 0.38822115384615385 0.04567307692307692 0.21394230769230768
0 0.7271634615384616 0.38822115384615385 0.05889423076923077 0.21394230769230768
0 0.8076923076923077 0.38822115384615385 0.05889423076923077 0.21754807692307693
0 0.18509615384615385 0.3894230769230769 0.05048076923076923 0.21514423076923078
0 0.4170673076923077 0.3894230769230769 0.0625 0.21514423076923078
0 0.578125 0.3894230769230769 0.05889423076923077 0.21514423076923078
0 0.11177884615384616 0.3894230769230769 0.06009615384615385 0.2091346153846154
0 0.038461538461538464 0.390625 0.05048076923076923 0.21514423076923078
0 0.6514423076923077 0.6418269230769231 0.05048076923076923 0.23317307692307693
0 0.4987980769230769 0.6430288461538461 0.06009615384615385 0.23918269230769232
0 0.9615384615384616 0.6430288461538461 0.054086538461538464 0.2439903846153846
0 0.25600961538461536 0.6442307692307693 0.0625 0.24158653846153846
0 0.41586538461538464 0.6442307692307693 0.06009615384615385 0.24158653846153846
0 0.33774038461538464 0.6454326923076923 0.06370192307692307 0.24158653846153846
0 0.18389423076923078 0.6466346153846154 0.05048076923076923 0.2439903846153846
0 0.578125 0.6466346153846154 0.057692307692307696 0.23918269230769232
0 0.037259615384615384 0.6478365384615384 0.046875 0.24158653846153846
0 0.7259615384615384 0.6478365384615384 0.054086538461538464 0.24639423076923078
0 0.11057692307692307 0.6478365384615384 0.057692307692307696 0.24639423076923078
0 0.9627403846153846 0.8882211538461539 0.054086538461538464 0.1935096153846154
0 0.8834134615384616 0.8894230769230769 0.06009615384615385 0.19591346153846154
0 0.03485576923076923 0.890625 0.05048076923076923 0.19591346153846154
0 0.7271634615384616 0.890625 0.055288461538461536 0.20072115384615385
0 0.10817307692307693 0.890625 0.057692307692307696 0.20072115384615385
0 0.18509615384615385 0.8930288461538461 0.05048076923076923 0.20072115384615385
0 0.25841346153846156 0.8942307692307693 0.06009615384615385 0.19831730769230768
0 0.33774038461538464 0.8942307692307693 0.06370192307692307 0.203125
0 0.6538461538461539 0.8942307692307693 0.04567307692307692 0.19831730769230768
0 0.5757211538461539 0.8954326923076923 0.06009615384615385 0.19230769230769232
0 0.41586538461538464 0.8978365384615384 0.057692307692307696 0.19230769230769232
0 0.4987980769230769 0.8978365384615384 0.057692307692307696 0.1875
0 0.9651442307692307 0.11899038461538461 0.054086538461538464 0.20673076923076922
0 0.7295673076923077 0.12980769230769232 0.054086538461538464 0.24158653846153846
0 0.8846153846153846 0.12980769230769232 0.054086538461538464 0.24639423076923078
0 0.6514423076923077 0.1310096153846154 0.046875 0.23918269230769232
0 0.8052884615384616 0.1310096153846154 0.057692307692307696 0.2439903846153846
0 0.4987980769230769 0.13221153846153846 0.06370192307692307 0.24158653846153846
0 0.25841346153846156 0.13341346153846154 0.06009615384615385 0.24879807692307693
0 0.03485576923076923 0.13341346153846154 0.055288461538461536 0.25721153846153844
0 0.41947115384615385 0.13341346153846154 0.057692307692307696 0.23918269230769232
0 0.10817307692307693 0.13341346153846154 0.0673076923076923 0.25240384615384615
0 0.5793269230769231 0.13341346153846154 0.06009615384615385 0.24639423076923078
0 0.18389423076923078 0.1346153846153846 0.054086538461538464 0.25721153846153844
0 0.33774038461538464 0.1346153846153846 0.06009615384615385 0.24879807692307693