0 0.8377403846153846 0.40024038461538464 0.027644230769230768 0.11177884615384616
0 0.30649038461538464 0.43149038461538464 0.06009615384615385 0.1201923076923077
0 0.40625 0.45552884615384615 0.06009615384615385 0.1201923076923077
0 0.5024038461538461 0.47836538461538464 0.04447115384615385 0.11658653846153846
0 0.5901442307692307 0.4879807692307692 0.036057692307692304 0.13581730769230768
0 0.6658653846153846 0.4963942307692308 0.036057692307692304 0.14423076923076922
0 0.7295673076923077 0.5204326923076923 0.036057692307692304 0.13581730769230768
0 0.7860576923076923 0.5336538461538461 0.027644230769230768 0.13221153846153846
0 0.84375 0.5540865384615384 0.02403846153846154 0.12379807692307693
0 0.2956730769230769 0.5564903846153846 0.07211538461538461 0.07211538461538461
0 0.41225961538461536 0.5817307692307693 0.06370192307692307 0.06850961538461539
0 0.5060096153846154 0.6514423076923077 0.04447115384615385 0.16826923076923078
0 0.5877403846153846 0.6598557692307693 0.039663461538461536 0.15144230769230768
0 0.6598557692307693 0.6694711538461539 0.039663461538461536 0.13942307692307693
0 0.2980769230769231 0.6742788461538461 0.07572115384615384 0.06009615384615385
0 0.7319711538461539 0.6838942307692307 0.03245192307692308 0.13581730769230768
0 0.41225961538461536 0.6899038461538461 0.056490384615384616 0.06850961538461539
0 0.7920673076923077 0.6995192307692307 0.02403846153846154 0.13581730769230768
0 0.84375 0.6995192307692307 0.02403846153846154 0.1201923076923077
0 0.5901442307692307 0.84375 0.036057692307692304 0.14423076923076922
0 0.41346153846153844 0.8461538461538461 0.06009615384615385 0.18028846153846154
0 0.3016826923076923 0.8461538461538461 0.06009615384615385 0.16346153846153846
0 0.6634615384615384 0.8485576923076923 0.039663461538461536 0.14423076923076922
0 0.8485576923076923 0.8485576923076923 0.02403846153846154 0.11177884615384616
0 0.5036057692307693 0.8497596153846154 0.039663461538461536 0.14783653846153846
0 0.7896634615384616 0.8545673076923077 0.027644230769230768 0.12379807692307693
0 0.7319711538461539 0.8557692307692307 0.03245192307692308 0.13581730769230768
0 0.2980769230769231 0.16826923076923078 0.07572115384615384 0.18389423076923078
0 0.40384615384615385 0.21634615384615385 0.06370192307692307 0.17548076923076922
0 0.5036057692307693 0.2620192307692308 0.056490384615384616 0.15625
0 0.5865384615384616 0.3004807692307692 0.036057692307692304 0.12740384615384615
0 0.6598557692307693 0.3245192307692308 0.03245192307692308 0.14423076923076922
0 0.7319711538461539 0.3557692307692308 0.03245192307692308 0.12740384615384615
0 0.7860576923076923 0.38221153846153844 0.027644230769230768 0.12379807692307693