0 0.33653846153846156 0.2608173076923077 0.037259615384615384 0.03125
0 0.7788461538461539 0.2608173076923077 0.052884615384615384 0.036057692307692304
0 0.27403846153846156 0.2692307692307692 0.04447115384615385 0.028846153846153848
0 0.6983173076923077 0.27163461538461536 0.04927884615384615 0.03365384615384615
0 0.21153846153846154 0.2800480769230769 0.037259615384615384 0.028846153846153848
0 0.6225961538461539 0.2800480769230769 0.04927884615384615 0.028846153846153848
0 0.5480769230769231 0.28846153846153844 0.056490384615384616 0.03125
0 0.14903846153846154 0.2932692307692308 0.03485576923076923 0.03365384615384615
0 0.47596153846153844 0.29447115384615385 0.046875 0.03125
0 0.4050480769230769 0.30649038461538464 0.04447115384615385 0.03365384615384615
0 0.8605769230769231 0.3112980769230769 0.06009615384615385 0.03365384615384615
0 0.33413461538461536 0.31490384615384615 0.04326923076923077 0.036057692307692304
0 0.7788461538461539 0.3233173076923077 0.055288461538461536 0.036057692307692304
0 0.2692307692307692 0.32572115384615385 0.04326923076923077 0.03125
0 0.703125 0.33052884615384615 0.05048076923076923 0.03125
0 0.20432692307692307 0.3389423076923077 0.040865384615384616 0.03125
0 0.6225961538461539 0.3401442307692308 0.04927884615384615 0.03365384615384615
0 0.1466346153846154 0.34375 0.038461538461538464 0.03125
0 0.546875 0.3485576923076923 0.05048076923076923 0.036057692307692304
0 0.47115384615384615 0.3605769230769231 0.04927884615384615 0.03365384615384615
0 0.40024038461538464 0.36899038461538464 0.04326923076923077 0.03365384615384615
0 0.33413461538461536 0.3762019230769231 0.04326923076923077 0.03365384615384615
0 0.8617788461538461 0.3798076923076923 0.05889423076923077 0.046875
0 0.27283653846153844 0.3870192307692308 0.037259615384615384 0.038461538461538464
0 0.7872596153846154 0.3870192307692308 0.055288461538461536 0.03365384615384615
0 0.20072115384615385 0.39302884615384615 0.04447115384615385 0.036057692307692304
0 0.7007211538461539 0.39663461538461536 0.05048076923076923 0.03365384615384615
0 0.625 0.4014423076923077 0.046875 0.03125
0 0.14302884615384615 0.4026442307692308 0.038461538461538464 0.03365384615384615
0 0.5444711538461539 0.41586538461538464 0.05048076923076923 0.038461538461538464
0 0.47115384615384615 0.421875 0.04927884615384615 0.036057692307692304
0 0.39663461538461536 0.43149038461538464 0.046875 0.038461538461538464
0 0.3329326923076923 0.4387019230769231 0.04447115384615385 0.03365384615384615
0 0.2644230769230769 0.4483173076923077 0.040865384615384616 0.03125
0 0.20072115384615385 0.45552884615384615 0.03365384615384615 0.026442307692307692
0 0.13942307692307693 0.46274038461538464 0.037259615384615384 0.03365384615384615
0 0.8713942307692307 0.515625 0.06610576923076923 0.051682692307692304
0 0.7824519230769231 0.5264423076923077 0.06490384615384616 0.046875
0 0.7055288461538461 0.5324519230769231 0.04447115384615385 0.038461538461538464
0 0.625 0.5420673076923077 0.055288461538461536 0.036057692307692304
0 0.546875 0.546875 0.05048076923076923 0.036057692307692304
0 0.4675480769230769 0.5540865384615384 0.052884615384615384 0.042067307692307696
0 0.39783653846153844 0.5612980769230769 0.052884615384615384 0.03365384615384615
0 0.32572115384615385 0.5637019230769231 0.04326923076923077 0.038461538461538464
0 0.25721153846153844 0.5733173076923077 0.037259615384615384 0.042067307692307696
0 0.18990384615384615 0.578125 0.040865384615384616 0.03125
0 0.12740384615384615 0.5817307692307693 0.037259615384615384 0.038461538461538464
0 0.875 0.5877403846153846 0.06610576923076923 0.04447115384615385
0 0.7908653846153846 0.5961538461538461 0.0625 0.046875
0 0.7115384615384616 0.5997596153846154 0.06009615384615385 0.04447115384615385
0 0.6286057692307693 0.6105769230769231 0.055288461538461536 0.03365384615384615
0 0.5456730769230769 0.6129807692307693 0.056490384615384616 0.04447115384615385
0 0.46875 0.6213942307692307 0.055288461538461536 0.04447115384615385
0 0.3942307692307692 0.625 0.05048076923076923 0.042067307692307696
0 0.3233173076923077 0.6298076923076923 0.04927884615384615 0.042067307692307696
0 0.2548076923076923 0.6382211538461539 0.040865384615384616 0.042067307692307696
0 0.18990384615384615 0.640625 0.04326923076923077 0.042067307692307696
0 0.12139423076923077 0.6442307692307693 0.038461538461538464 0.04447115384615385
0 0.8725961538461539 0.6598557692307693 0.055288461538461536 0.038461538461538464
0 0.7932692307692307 0.6670673076923077 0.0625 0.051682692307692304
0 0.7127403846153846 0.6742788461538461 0.05889423076923077 0.042067307692307696
0 0.6298076923076923 0.6778846153846154 0.056490384615384616 0.04447115384615385
0 0.5444711538461539 0.6826923076923077 0.05889423076923077 0.046875
0 0.46634615384615385 0.6911057692307693 0.055288461538461536 0.04927884615384615
0 0.3942307692307692 0.6923076923076923 0.05048076923076923 0.046875
0 0.31971153846153844 0.6971153846153846 0.04447115384615385 0.04927884615384615
0 0.25240384615384615 0.7019230769230769 0.040865384615384616 0.04447115384615385
0 0.18509615384615385 0.7019230769230769 0.04326923076923077 0.038461538461538464
0 0.11778846153846154 0.7055288461538461 0.037259615384615384 0.042067307692307696
0 0.8822115384615384 0.7367788461538461 0.06490384615384616 0.046875
0 0.7944711538461539 0.7427884615384616 0.06610576923076923 0.051682692307692304
0 0.7115384615384616 0.7451923076923077 0.06610576923076923 0.046875
0 0.6286057692307693 0.7536057692307693 0.05889423076923077 0.04447115384615385
0 0.546875 0.7560096153846154 0.0625 0.04447115384615385
0 0.3918269230769231 0.7608173076923077 0.052884615384615384 0.046875
0 0.46875 0.7620192307692307 0.055288461538461536 0.04447115384615385
0 0.32091346153846156 0.7632211538461539 0.04447115384615385 0.046875
0 0.24639423076923078 0.7668269230769231 0.04326923076923077 0.04447115384615385
0 0.18028846153846154 0.7680288461538461 0.04326923076923077 0.046875
0 0.11298076923076923 0.7692307692307693 0.03485576923076923 0.038461538461538464
0 0.8473557692307693 0.11778846153846154 0.05048076923076923 0.03125
0 0.7680288461538461 0.13221153846153846 0.04927884615384615 0.03125
0 0.6923076923076923 0.14543269230769232 0.052884615384615384 0.03125
0 0.6213942307692307 0.15745192307692307 0.055288461538461536 0.03365384615384615
0 0.5456730769230769 0.16947115384615385 0.056490384615384616 0.036057692307692304
0 0.47475961538461536 0.18028846153846154 0.046875 0.03125
0 0.8497596153846154 0.18389423076923078 0.05889423076923077 0.038461538461538464
0 0.4098557692307692 0.1875 0.05048076923076923 0.042067307692307696
0 0.7740384615384616 0.19471153846153846 0.04927884615384615 0.020432692307692308
0 0.3389423076923077 0.20192307692307693 0.037259615384615384 0.028846153846153848
0 0.6971153846153846 0.20432692307692307 0.046875 0.03365384615384615
0 0.2776442307692308 0.20793269230769232 0.038461538461538464 0.036057692307692304
0 0.6213942307692307 0.21754807692307693 0.046875 0.03365384615384615
0 0.2127403846153846 0.22355769230769232 0.03485576923076923 0.026442307692307692
0 0.5480769230769231 0.2283653846153846 0.052884615384615384 0.03365384615384615
0 0.15384615384615385 0.234375 0.03485576923076923 0.03125
0 0.47836538461538464 0.23677884615384615 0.05048076923076923 0.03125
0 0.8581730769230769 0.24879807692307693 0.06490384615384616 0.038461538461538464
0 0.40625 0.2512019230769231 0.046875 0.03365384615384615