0 0.328125 0.203125 0.0625 0.046875
0 0.13341346153846154 0.20673076923076922 0.04807692307692308 0.04447115384615385
0 0.24759615384615385 0.20793269230769232 0.056490384615384616 0.04447115384615385
0 0.6009615384615384 0.21033653846153846 0.051682692307692304 0.040865384615384616
0 0.5228365384615384 0.21153846153846154 0.057692307692307696 0.046875
0 0.4074519230769231 0.2127403846153846 0.056490384615384616 0.042067307692307696
0 0.24759615384615385 0.3605769230769231 0.054086538461538464 0.203125
0 0.3245192307692308 0.3605769230769231 0.052884615384615384 0.203125
0 0.1310096153846154 0.3629807692307692 0.054086538461538464 0.21754807692307693
0 0.40384615384615385 0.3641826923076923 0.04567307692307692 0.203125
0 0.5997596153846154 0.36538461538461536 0.04927884615384615 0.20793269230769232
0 0.5228365384615384 0.36658653846153844 0.052884615384615384 0.21033653846153846
0 0.7716346153846154 0.37740384615384615 0.052884615384615384 0.20552884615384615
0 0.13221153846153846 0.5853365384615384 0.057692307692307696 0.0829326923076923
0 0.4074519230769231 0.5877403846153846 0.056490384615384616 0.08533653846153846
0 0.32572115384615385 0.5889423076923077 0.051682692307692304 0.07932692307692307
0 0.6033653846153846 0.5889423076923077 0.051682692307692304 0.08653846153846154
0 0.2512019230769231 0.5901442307692307 0.0625 0.09014423076923077
0 0.5240384615384616 0.5901442307692307 0.06009615384615385 0.09014423076923077
0 0.7740384615384616 0.5961538461538461 0.056490384615384616 0.0829326923076923
0 0.12860576923076922 0.7536057692307693 0.055288461538461536 0.20192307692307693
0 0.3293269230769231 0.7548076923076923 0.055288461538461536 0.203125
0 0.4074519230769231 0.7548076923076923 0.055288461538461536 0.1935096153846154
0 0.25 0.7572115384615384 0.055288461538461536 0.20793269230769232
0 0.5252403846153846 0.7608173076923077 0.05889423076923077 0.203125
0 0.5997596153846154 0.7632211538461539 0.04927884615384615 0.19951923076923078
0 0.7740384615384616 0.14423076923076922 0.056490384615384616 0.07091346153846154