0 0.8449519230769231 0.2127403846153846 0.027644230769230768 0.025240384615384616
0 0.9158653846153846 0.21514423076923078 0.030048076923076924 0.020432692307692308
0 0.7307692307692307 0.21875 0.02283653846153846 0.025240384615384616
0 0.7992788461538461 0.21875 0.025240384615384616 0.020432692307692308
0 0.6838942307692307 0.21995192307692307 0.021634615384615384 0.02283653846153846
0 0.5396634615384616 0.28966346153846156 0.025240384615384616 0.0625
0 0.8485576923076923 0.30528846153846156 0.030048076923076924 0.11899038461538461
0 0.13701923076923078 0.3076923076923077 0.025240384615384616 0.17668269230769232
0 0.9194711538461539 0.3088942307692308 0.03125 0.12740384615384615
0 0.7992788461538461 0.31009615384615385 0.02403846153846154 0.125
0 0.6850961538461539 0.3112980769230769 0.02403846153846154 0.11899038461538461
0 0.7295673076923077 0.3137019230769231 0.025240384615384616 0.12259615384615384
0 0.5853365384615384 0.3173076923076923 0.025240384615384616 0.11899038461538461
0 0.7307692307692307 0.44350961538461536 0.026442307692307692 0.04567307692307692
0 0.8016826923076923 0.44350961538461536 0.03125 0.04567307692307692
0 0.9206730769230769 0.44350961538461536 0.027644230769230768 0.04567307692307692
0 0.8473557692307693 0.44591346153846156 0.028846153846153848 0.04567307692307692
0 0.6850961538461539 0.44711538461538464 0.025240384615384616 0.04326923076923077
0 0.5829326923076923 0.4483173076923077 0.03125 0.042067307692307696
0 0.6850961538461539 0.546875 0.02283653846153846 0.11057692307692307
0 0.8485576923076923 0.546875 0.03125 0.11899038461538461
0 0.7331730769230769 0.5480769230769231 0.026442307692307692 0.11298076923076923
0 0.9194711538461539 0.5480769230769231 0.026442307692307692 0.11658653846153846
0 0.5829326923076923 0.5492788461538461 0.028846153846153848 0.11899038461538461
0 0.8004807692307693 0.5504807692307693 0.02283653846153846 0.12139423076923077
0 0.5444711538461539 0.17908653846153846 0.025240384615384616 0.042067307692307696