0 0.08653846153846154 0.796875 0.04447115384615385 0.18028846153846154
0 0.15625 0.7992788461538461 0.039663461538461536 0.17548076923076922
0 0.22235576923076922 0.7992788461538461 0.04447115384615385 0.17548076923076922
0 0.28966346153846156 0.8016826923076923 0.051682692307692304 0.18028846153846154
0 0.47596153846153844 0.8052884615384616 0.06370192307692307 0.2091346153846154
0 0.5516826923076923 0.8076923076923077 0.056490384615384616 0.203125
0 0.6322115384615384 0.8076923076923077 0.056490384615384616 0.21514423076923078
0 0.3641826923076923 0.8076923076923077 0.04807692307692308 0.19230769230769232
0 0.7139423076923077 0.8112980769230769 0.051682692307692304 0.2091346153846154
0 0.8004807692307693 0.8112980769230769 0.056490384615384616 0.2091346153846154
0 0.7980769230769231 0.16346153846153846 0.06850961538461539 0.203125
0 0.7139423076923077 0.171875 0.06009615384615385 0.2091346153846154
0 0.6322115384615384 0.1778846153846154 0.06370192307692307 0.2091346153846154
0 0.5516826923076923 0.18629807692307693 0.056490384615384616 0.203125
0 0.4723557692307692 0.19230769230769232 0.056490384615384616 0.19230769230769232
0 0.28966346153846156 0.2091346153846154 0.051682692307692304 0.18028846153846154
0 0.3605769230769231 0.2091346153846154 0.04807692307692308 0.19230769230769232
0 0.21995192307692307 0.21754807692307693 0.039663461538461536 0.18629807692307693
0 0.1502403846153846 0.21995192307692307 0.036057692307692304 0.18028846153846154
0 0.08173076923076923 0.23197115384615385 0.04447115384615385 0.16947115384615385
0 0.7139423076923077 0.4855769230769231 0.06009615384615385 0.21514423076923078
0 0.8004807692307693 0.4855769230769231 0.06370192307692307 0.21514423076923078
0 0.6298076923076923 0.49158653846153844 0.051682692307692304 0.203125
0 0.5504807692307693 0.49399038461538464 0.06009615384615385 0.2091346153846154
0 0.4723557692307692 0.5 0.06370192307692307 0.19831730769230768
0 0.3641826923076923 0.5024038461538461 0.056490384615384616 0.19230769230769232
0 0.28966346153846156 0.5084134615384616 0.051682692307692304 0.19230769230769232
0 0.15144230769230768 0.5108173076923077 0.039663461538461536 0.17548076923076922
0 0.22235576923076922 0.5144230769230769 0.051682692307692304 0.18028846153846154
0 0.08413461538461539 0.5168269230769231 0.04807692307692308 0.18629807692307693