0 0.9170673076923077 0.5504807692307693 0.15144230769230768 0.35096153846153844
0 0.7331730769230769 0.5516826923076923 0.15264423076923078 0.34375
0 0.36177884615384615 0.5552884615384616 0.15504807692307693 0.34134615384615385
0 0.5504807692307693 0.5552884615384616 0.15625 0.33533653846153844
0 0.5444711538461539 0.8810096153846154 0.14543269230769232 0.21514423076923078
0 0.36177884615384615 0.8822115384615384 0.140625 0.20552884615384615
0 0.9158653846153846 0.8834134615384616 0.140625 0.20793269230769232
0 0.7283653846153846 0.8846153846153846 0.14423076923076922 0.20552884615384615
0 0.5492788461538461 0.09975961538461539 0.16105769230769232 0.17067307692307693
0 0.36177884615384615 0.10336538461538461 0.15504807692307693 0.16466346153846154
0 0.9158653846153846 0.10336538461538461 0.14903846153846154 0.16346153846153846
0 0.7271634615384616 0.10817307692307693 0.140625 0.17427884615384615